eval_loss = 0.19363030120724364
f1_score = 0.9186290524161905
precision = 0.9196554834579684
recall = 0.9176049100273489
